%YAML:1.0
---
camera_matrix_l: !!opencv-matrix
   rows: 3
   cols: 3
   dt: d
   data: [ 4.2338174732290162e+02, 0., 3.4157227022479333e+02, 0.,
       4.2128117344739400e+02, 2.6906849825771297e+02, 0., 0., 1. ]
dist_coeff_l: !!opencv-matrix
   rows: 1
   cols: 5
   dt: d
   data: [ -4.3260914163867414e-01, 2.6434652208547010e-01,
       -3.4100965513853779e-04, 5.0611732656274889e-04,
       -1.0793541416307745e-01 ]
ret_1: 2.8348532322720660e-01
