%YAML:1.0
---
camera_matrix_r: !!opencv-matrix
   rows: 3
   cols: 3
   dt: d
   data: [ 4.2114356753406781e+02, 0., 3.5081846917290130e+02, 0.,
       4.1893847654305466e+02, 2.6528831866312288e+02, 0., 0., 1. ]
dist_coeff_r: !!opencv-matrix
   rows: 1
   cols: 5
   dt: d
   data: [ -4.1210429128558218e-01, 1.9767642253292569e-01,
       -4.7285787974963428e-04, -7.8009887853587730e-04,
       -5.0766022165102453e-02 ]
ret_2: 5.4125132440609902e-01
