%YAML:1.0
---
R1: !!opencv-matrix
   rows: 3
   cols: 3
   dt: d
   data: [ 9.9997311887467000e-01, 7.0150369368842886e-03,
       -2.1332568619729657e-03, -7.0111658492172596e-03,
       9.9997377117218644e-01, 1.8167336377100112e-03,
       2.1459453627190759e-03, -1.8017281842071051e-03,
       9.9999607433931981e-01 ]
R2: !!opencv-matrix
   rows: 3
   cols: 3
   dt: d
   data: [ 9.9987552364877474e-01, 1.3541492637239798e-02,
       8.0972331844906542e-03, -1.3526820153815230e-02,
       9.9990677084824675e-01, -1.8640676914030798e-03,
       -8.1217205452277577e-03, 1.7543058420283341e-03,
       9.9996547943736425e-01 ]
P1: !!opencv-matrix
   rows: 3
   cols: 4
   dt: d
   data: [ 2.5697888076297824e+02, 0., 3.2292123311758041e+02, 0., 0.,
       2.5697888076297824e+02, 2.1398091167060193e+02, 0., 0., 0., 1.,
       0. ]
P2: !!opencv-matrix
   rows: 3
   cols: 4
   dt: d
   data: [ 2.5697888076297824e+02, 0., 3.2292123311758041e+02,
       -1.6024991940283733e+03, 0., 2.5697888076297824e+02,
       2.1398091167060193e+02, 0., 0., 0., 1., 0. ]
Q: !!opencv-matrix
   rows: 4
   cols: 4
   dt: d
   data: [ 1., 0., 0., -3.2292123311758041e+02, 0., 1., 0.,
       -2.1398091167060193e+02, 0., 0., 0., 2.5697888076297824e+02, 0.,
       0., 1.6036131669868925e-01, 0. ]
