%YAML:1.0
---
R: !!opencv-matrix
   rows: 3
   cols: 3
   dt: d
   data: [ 9.9992605588047867e-01, -6.4976684976911616e-03,
       -1.0279254613245355e-02, 6.5343810669991733e-03,
       9.9997237775447601e-01, 3.5419757383063004e-03,
       1.0255956092976255e-02, -3.6088823967565906e-03,
       9.9994089391946828e-01 ]
T: !!opencv-matrix
   rows: 3
   cols: 1
   dt: d
   data: [ -6.2351416428407749e+00, -8.4443635884309531e-02,
       -5.0493681089578746e-02 ]
E: !!opencv-matrix
   rows: 3
   cols: 3
   dt: d
   data: [ -2.1106506623854929e-04, 1.9998832083379246e-02,
       -3.3173148566381698e-02, 5.2981856471156046e-03,
       -8.7298431949542621e-03, 2.4548394273468452e+00,
       1.7202598532664572e-02, -2.4549283862126599e+00,
       -9.0365110462867389e-03 ]
F: !!opencv-matrix
   rows: 3
   cols: 3
   dt: d
   data: [ -4.2530253706634962e-08, 4.0499189181456729e-06,
       -3.9052697031259028e-03, 1.0732198817175152e-06,
       -1.7771662630631948e-06, 2.1064293918039365e-01,
       1.1900496554966668e-03, -2.1031751266869272e-01,
       9.9999999999999989e-01 ]
M1: !!opencv-matrix
   rows: 3
   cols: 3
   dt: d
   data: [ 4.2338174732290162e+02, 0., 3.4157227022479333e+02, 0.,
       4.2128117344739400e+02, 2.6906849825771297e+02, 0., 0., 1. ]
M2: !!opencv-matrix
   rows: 3
   cols: 3
   dt: d
   data: [ 4.2114356753406781e+02, 0., 3.5081846917290130e+02, 0.,
       4.1893847654305466e+02, 2.6528831866312288e+02, 0., 0., 1. ]
d1: !!opencv-matrix
   rows: 1
   cols: 5
   dt: d
   data: [ -4.3260914163867414e-01, 2.6434652208547010e-01,
       -3.4100965513853779e-04, 5.0611732656274889e-04,
       -1.0793541416307745e-01 ]
d2: !!opencv-matrix
   rows: 1
   cols: 5
   dt: d
   data: [ -4.1210429128558218e-01, 1.9767642253292569e-01,
       -4.7285787974963428e-04, -7.8009887853587730e-04,
       -5.0766022165102453e-02 ]
